19    1.1312    0.070698    0.070698    0    0    0    1    2    6
18    1.2106    0.075661    0.075661    0    0    0    1    2    5
17    0.96955   0.060597    0.060597    0    0    0    1    2    7
16    1.4113    0.088206    0.088206    0    0    0    1    2    5
15    1.2455    0.077846    0.077846    0    0    0    1    2    5
14    0.796     0.087688    0.070698    0    0    19    1    3    8
13    0.75027   0.090549    0.087688    14    0    0    0    0    8
12    1.0579    0.095432    0.090549    13    0    0    0    0    6
11    1.5045    0.086339    0.075661    0    0    18    1    3    4
10    1.2401    0.07897    0.095432    12    0    0    0    0    5
9     0.78886   0.15321    0.086339    11    0    0    0    0    8
8     0.76607   0.15321    0.060597    0    0    17    1    3    8
7     1.9243    0.081408    0.07897    10    0    0    0    0    4
6     2.5129    0.080119    0.088206    0    0    16    1    3    3
5     3.1737    0.10889    0.15321    8    0    9    0    0    2
4     3.5721    0.10889    0.077846    0    0    15    1    3    2
3     3.4366    0.13684    0.081408    7    0    0    0    0    2
2     1.9612    0.13684    0.080119    6    0    0    0    0    4
1     0.75264   0.13684    0.10889    4    0    5    0    0    8
0     0.83143   0.18476    0.13684    1    2    3    0    1    8
